         1    0.0000    0.9600    0.2978    0.0234
         2    0.0000    2.1300    0.3809    0.0618
         3    0.0000    3.0600    0.8123    0.0794
         4    0.0000    0.0900    0.0068    0.0029
         5    0.0000    0.1200    0.0079    0.0040
         6    0.0000    2.0100    0.0454    0.0694
         7    0.0000    9.1200    0.9919    0.2872
         8    0.0000   17.9800    1.2411    0.5914
         9    0.0000    4.8000    0.3220    0.1582
        10    0.0000    0.1700    0.0033    0.0059
        11    0.0000    2.4500    0.0518    0.0847
        12    0.0000    0.1800    0.0014    0.0063
        13    0.0000    1.2600    0.0062    0.0443
        14    0.0000    0.0500    0.0005    0.0017
        15    0.0000    8.5900    0.0662    0.3012
        16    0.0000    0.0190    0.0000    0.0007
        17    0.0000    0.0080    0.0000    0.0003
        18    0.0000    0.0900    0.0001    0.0032
        19    0.0000    4.0700    0.0619    0.1416
        20    0.0000    0.0600    0.0036    0.0020 identification, min, max, etc
        21    0.0000    0.0050    0.0000    0.0002
        22    0.0270   50.0000    1.2880    1.7212
        23  530.0000  921.0000  724.1041    7.0186 Ac1 range
-0.273272 
-0.584284
1.42725
 -0.675013
-0.297617 
0.149305 
-2.09248 
0.558102 
1.16302 
0.136662 
0.00893805 
0.0271082 
0.0482528 
0.285341
 0.0135071
 0.0350339 
-0.074152 
-0.0884704 
-0.0661309
 -0.133209
 -0.224594
 -0.102685 
0.810902 
-3.00552 
-1.58987 
0.515423 
-7.77932 
-1.22046 
-0.294707 
-0.160822
 0.844392
 -1.54547 
-0.0628648 
0.0217054 
0.138556 
0.0306007 
0.124344
0.00430856 
0.00473683
 1.56578
 1.85985
 1.57345
 0.221986 
0.179021
 1.77703 
-0.646938
 0.902249 
0.677717 
-1.55427 
0.638917 
0.424401 
0.232198 
3.09303 
-0.533354
 0.0072862 
-0.120021 
-0.0700783 
0.415026 
0.0173118 
-0.0489667
 0.00607633
 -0.196499 
-0.476342 
-0.658654 
-0.475611
 0.177044 
0.44253 
-0.574891 
-0.266723 
-0.512698 
0.303814 
-0.779683
 0.417492 
0.0995294
 -0.542185
 0.66351
 -0.846634
 -1.68699 
-0.146489 
0.0761116 
-0.270882 
-0.0883608 
-0.413762 
4.99285e-06
 0.162749 
0.215546
 0.238404
 0.221876 
0.0765538 
0.0192461
 0.227757 
-0.918695 
0.416309 
2.72348 
1.33381 
1.82862 
1.8775 
