         1    0.0000    0.9600    0.2978    0.0234
         2    0.0000    2.1300    0.3809    0.0618
         3    0.0000    3.0600    0.8123    0.0794
         4    0.0000    0.0900    0.0068    0.0029
         5    0.0000    0.1200    0.0079    0.0040
         6    0.0000    2.0100    0.0454    0.0694
         7    0.0000    9.1200    0.9919    0.2872
         8    0.0000   17.9800    1.2411    0.5914
         9    0.0000    4.8000    0.3220    0.1582
        10    0.0000    0.1700    0.0033    0.0059
        11    0.0000    2.4500    0.0518    0.0847
        12    0.0000    0.1800    0.0014    0.0063
        13    0.0000    1.2600    0.0062    0.0443
        14    0.0000    0.0500    0.0005    0.0017
        15    0.0000    8.5900    0.0662    0.3012
        16    0.0000    0.0190    0.0000    0.0007
        17    0.0000    0.0080    0.0000    0.0003
        18    0.0000    0.0900    0.0001    0.0032
        19    0.0000    4.0700    0.0619    0.1416
        20    0.0000    0.0600    0.0036    0.0020 identification, min, max, etc
        21    0.0000    0.0050    0.0000    0.0002
        22    0.0270   50.0000    1.2880    1.7212
        25  651.0000 1060.0000  819.6612    8.5672
 -1.41522   
  -0.811777  
   0.292749  
   -0.212523  
   -0.086742   
  6.22651e-05  
   -0.0097287   
  -0.224123   
  -1.03976 
    0.466825 
    0.849595 
  -0.250228
     0.123227   
  -0.56492  
   0.215049  
   -0.938616  
   0.309341  
   0.0687889   
  0.255502   
  -0.129074 
    0.0229901  
   0.069863   
  -0.479553  
   1.13112    
 0.70752  
   -0.241007  
   0.203091 
   0.129634  
   5.8642e-05 
    -0.00661998 
    0.103754   
  1.16011  
   -0.422398  
   -1.07388  
   0.545212  
   -0.131634   
  0.711098  
   -0.287479  
   1.46768  
   -0.639086  
   -0.142399  
   -0.532336  
   0.171956   
  0.0100161   
  -0.143582   
  0.661583   
  1.62705   
  4.13134   
  2.53442   
